function mpc = Transmission_Network_PT_2050_Slow_Progression

%% MATPOWER Case Format : Version 2
mpc.version = '2';

%%-----  Power Flow Data  -----%%
%% system MVA base
mpc.baseMVA = 100;

%% bus data
%	bus_i	type	Pd	Qd	Gs	Bs	area	Vm	Va	baseKV	zone	Vmax	Vmin
mpc.bus = [
	1	2	0.000	0.000	0	0	1	1.0492	19.81	400	1	1.05	0.95	;
	2	2	0.000	0.000	0	0	1	1.0487	20.18	400	1	1.05	0.95	;
	3	2	0.000	0.000	0	0	1	1.0443	7.48	400	1	1.05	0.95	;
	4	2	0.000	0.000	0	0	1	1.0401	0.95	400	1	1.05	0.95	;
	5	2	0.000	0.000	0	0	1	1.049	21.01	220	1	1.05	0.95	;
	6	2	0.000	0.000	0	0	1	1.0487	20.94	220	1	1.05	0.95	;
	7	2	0.000	0.000	0	0	1	1.0366	-5.63	400	1	1.05	0.95	;
	305	2	0.000	0.000	0	0	1	1.0475	16.47	400	1	1.05	0.95	;
	8	1	0.000	0.000	0	0	1	1.011	-0.04	150	2	1.05	0.95	;
	9	1	0.000	0.000	0	0	1	1.035	-6.51	150	2	1.05	0.95	;
	10	2	0.000	0.000	0	0	1	1.04	-5.65	150	2	1.05	0.95	;
	11	1	4.989	-0.374	0	0	1	1.023	-7.94	150	2	1.05	0.95	;
	12	1	0.000	0.000	0	0	1	1.0195	-9.92	150	2	1.05	0.95	;
	13	1	7.483	2.619	0	0	1	1.0324	-6.97	150	2	1.05	0.95	;
	14	2	0.000	0.000	0	0	1	1.0359	-6.32	150	2	1.05	0.95	;
	15	1	0.000	0.000	0	0	1	1.0422	-5.31	150	2	1.05	0.95	;
	16	1	0.000	0.000	0	0	1	1.0232	14.31	150	2	1.05	0.95	;
	17	1	0.000	0.000	0	0	1	1.027	14.05	150	2	1.05	0.95	;
	18	1	8.731	-1.123	0	0	1	1.0253	13.7	150	2	1.05	0.95	;
	19	1	0.000	0.000	0	0	1	1.0219	-8.24	150	2	1.05	0.95	;
	20	1	0.000	0.000	0	0	1	1.0292	-7.37	150	2	1.05	0.95	;
	21	1	0.000	0.000	0	0	1	1.026	13.56	150	2	1.05	0.95	;
	22	2	0.000	0.000	0	0	1	1.0324	-7.56	150	2	1.05	0.95	;
	23	1	0.000	0.000	0	0	1	1.0147	-10.54	150	2	1.05	0.95	;
	24	2	0.000	0.000	0	0	1	1.0252	9.28	150	2	1.05	0.95	;
	25	1	0.000	0.000	0	0	1	1.0193	13.57	150	2	1.05	0.95	;
	26	1	4.989	0.125	0	0	1	1.0412	-5.57	150	2	1.05	0.95	;
	27	1	3.742	-0.249	0	0	1	1.0396	-5.98	150	2	1.05	0.95	;
	28	1	2.494	-0.249	0	0	1	1.0341	-7.59	150	2	1.05	0.95	;
	29	2	0.000	0.000	0	0	1	1.0284	-8.8	150	2	1.05	0.95	;
	30	2	0.000	0.000	0	0	1	1.0342	15.25	150	2	1.05	0.95	;
	31	1	0.000	0.000	0	0	1	1.0217	9.48	150	2	1.05	0.95	;
	32	1	0.000	0.000	0	0	1	1.0291	14.6	150	2	1.05	0.95	;
	33	1	0.000	0.000	0	0	1	1.0374	16.18	150	2	1.05	0.95	;
	34	2	0.000	0.000	0	-75	1	1.0357	-8.05	150	2	1.05	0.95	;
	36	1	0.000	0.000	0	0	1	1.024	0.12	220	2	1.05	0.95	;
	37	1	0.000	0.000	0	0	1	1.0273	-4.19	220	2	1.05	0.95	;
	38	1	0.000	0.000	0	0	1	1.0247	9.84	220	2	1.05	0.95	;
	39	1	0.000	0.000	0	0	1	1.0304	4.73	220	2	1.05	0.95	;
	40	1	0.000	0.000	0	0	1	1.0476	19.22	220	2	1.05	0.95	;
	41	1	0.000	0.000	0	0	1	1.0249	9.9	220	2	1.05	0.95	;
	42	1	0.000	0.000	0	0	1	1.0321	8.46	220	2	1.05	0.95	;
	43	1	0.000	0.000	0	0	1	1.0256	-4.57	220	2	1.05	0.95	;
	44	1	0.000	0.000	0	0	1	1.0231	9.09	220	2	1.05	0.95	;
	45	1	0.000	0.000	0	0	1	1.0287	-0.77	220	2	1.05	0.95	;
	46	1	0.000	0.000	0	0	1	1.0284	-2.67	220	2	1.05	0.95	;
	47	1	0.000	0.000	0	0	1	1.0347	11.88	220	2	1.05	0.95	;
	48	1	49.889	9.978	0	0	1	1.0261	7.71	220	2	1.05	0.95	;
	49	1	0.000	0.000	0	0	1	1.0213	9.61	220	2	1.05	0.95	;
	50	1	0.000	0.000	0	100	1	1.0276	-3.91	220	2	1.05	0.95	;
	51	1	0.000	0.000	0	0	1	1.0403	16.59	220	2	1.05	0.95	;
	52	1	0.000	0.000	0	0	1	1.0289	2.39	220	2	1.05	0.95	;
	53	1	0.000	0.000	0	0	1	1.0237	9.67	220	2	1.05	0.95	;
	54	1	0.000	0.000	0	0	1	1.0472	27.84	220	2	1.05	0.95	;
	55	1	0.000	0.000	0	0	1	1.0249	-4.71	220	2	1.05	0.95	;
	56	1	0.000	0.000	0	100	1	1.026	-5.06	220	2	1.05	0.95	;
	57	1	0.000	0.000	0	0	1	1.0257	10.26	220	2	1.05	0.95	;
	58	1	0.000	0.000	0	0	1	1.0245	-4.79	220	2	1.05	0.95	;
	59	1	0.000	0.000	0	0	1	1.0272	-4.34	220	2	1.05	0.95	;
	60	1	0.000	0.000	0	0	1	1.0348	11.71	220	2	1.05	0.95	;
	61	2	0.000	0.000	0	0	1	1.0355	12.05	220	2	1.05	0.95	;
	62	1	0.000	0.000	0	0	1	1.0334	10.64	220	2	1.05	0.95	;
	63	1	0.000	0.000	0	0	1	1.0449	25.6	220	2	1.05	0.95	;
	64	2	0.000	0.000	0	0	1	1.0239	-2.14	220	2	1.05	0.95	;
	65	2	0.000	0.000	0	0	1	1.0379	11.65	220	2	1.05	0.95	;
	66	1	0.000	0.000	0	0	1	1.036	12.35	220	2	1.05	0.95	;
	67	1	2.494	-0.249	0	0	1	1.0282	10.63	220	2	1.05	0.95	;
	68	1	0.000	0.000	0	0	1	1.0235	9.69	220	2	1.05	0.95	;
	69	1	0.000	0.000	0	0	1	1.0291	7.3	220	2	1.05	0.95	;
	71	1	0.000	0.000	0	0	1	1.0303	3.76	220	2	1.05	0.95	;
	72	1	0.000	0.000	0	-70	1	1.0254	10.08	220	2	1.05	0.95	;
	73	2	0.000	0.000	0	0	1	1.0307	20.67	220	2	1.05	0.95	;
	74	1	0.000	0.000	0	0	1	1.027	-2.95	220	2	1.05	0.95	;
	75	1	0.000	0.000	0	0	1	1.0357	14.38	220	2	1.05	0.95	;
	76	1	0.000	0.000	0	0	1	1.0246	-4.73	220	2	1.05	0.95	;
	77	1	0.000	0.000	0	0	1	1.0355	23.64	220	2	1.05	0.95	;
	78	1	0.000	0.000	0	-70	1	1.0301	6.21	220	2	1.05	0.95	;
	79	1	0.000	0.000	0	0	1	1.0322	16.55	220	2	1.05	0.95	;
	80	1	0.000	0.000	0	0	1	1.0408	-2.68	400	2	1.05	0.95	;
	81	1	0.000	0.000	0	0	1	1.0346	12.96	400	2	1.05	0.95	;
	82	1	0.000	0.000	0	0	1	1.0426	-1.14	400	2	1.05	0.95	;
	83	1	0.000	0.000	0	0	1	1.044	5.45	400	2	1.05	0.95	;
	84	1	0.000	0.000	0	0	1	1.0415	-3.21	400	2	1.05	0.95	;
	85	1	0.000	0.000	0	-150	1	1.0406	2.97	400	2	1.05	0.95	;
	86	1	0.000	0.000	0	0	1	1.0417	-3.51	400	2	1.05	0.95	;
	87	1	0.000	0.000	0	0	1	1.0407	-3.83	400	2	1.05	0.95	;
	88	1	0.000	0.000	0	0	1	1.0396	14.93	400	2	1.05	0.95	;
	89	1	0.000	0.000	0	-150	1	1.0439	-1.28	400	2	1.05	0.95	;
	90	1	0.000	0.000	0	-150	1	1.0467	14.81	400	2	1.05	0.95	;
	91	1	0.000	0.000	0	0	1	1.0446	16.18	400	2	1.05	0.95	;
	92	1	0.000	0.000	0	-150	1	1.0373	14.41	400	2	1.05	0.95	;
	93	1	0.000	0.000	0	0	1	1.0374	13.64	400	2	1.05	0.95	;
	94	1	0.000	0.000	0	0	1	1.0371	13.52	400	2	1.05	0.95	;
	95	1	0.000	0.000	0	0	1	1.0478	9.28	400	2	1.05	0.95	;
	96	1	0.000	0.000	0	0	1	1.049	18.32	400	2	1.05	0.95	;
	97	2	0.000	0.000	0	0	1	1.042	-3.12	400	2	1.05	0.95	;
	98	1	0.000	0.000	0	0	1	1.0478	7.4	400	2	1.05	0.95	;
	99	1	0.000	0.000	0	0	1	1.049	6.68	400	2	1.05	0.95	;
	100	1	0.000	0.000	0	0	1	1.0469	-0.01	400	2	1.05	0.95	;
	101	1	0.000	0.000	0	-150	1	1.0407	10.57	400	2	1.05	0.95	;
	102	1	0.000	0.000	0	-150	1	1.0228	-5.55	400	2	1.05	0.95	;
	103	1	0.000	0.000	0	0	1	1.0457	12.63	400	2	1.05	0.95	;
	104	1	0.000	0.000	0	-150	1	1.0417	15.92	400	2	1.05	0.95	;
	105	1	0.000	0.000	0	0	1	1.043	0.65	400	2	1.05	0.95	;
	106	1	0.000	0.000	0	0	1	1.0494	20.12	400	2	1.05	0.95	;
	107	2	0.000	0.000	0	0	1	1.0287	-5.58	400	2	1.05	0.95	;
	108	2	57.497	16.214	0	0	1	1.009	11.64	130	2	1.05	0.95	;
	109	2	295.594	43.029	0	0	1	1.0245	-3.29	63	2	1.05	0.95	;
	110	2	231.237	13.096	0	0	1	1.0287	-7.84	63	2	1.05	0.95	;
	111	2	221.633	26.566	0	0	1	1.0266	5.85	63	2	1.05	0.95	;
	112	2	280.502	39.038	0	0	1	1.0312	-8.27	63	2	1.05	0.95	;
	113	2	152.786	21.951	0	0	1	1.0323	-8.66	63	2	1.05	0.95	;
	114	2	265.535	36.170	0	0	1	1.0361	0.72	63	2	1.05	0.95	;
	115	2	42.281	7.858	0	0	1	1.0192	19.09	63	2	1.05	0.95	;
	116	2	335.879	66.727	0	0	1	1.0197	7.81	63	2	1.05	0.95	;
	117	2	85.061	10.352	0	0	1	1.0205	-10.19	63	2	1.05	0.95	;
	118	2	122.977	31.181	0	0	1	1.0259	7.64	63	2	1.05	0.95	;
	119	2	353.340	61.239	0	0	1	1.0408	-6.21	63	2	1.05	0.95	;
	120	2	306.569	57.123	0	0	1	1.0295	5.59	63	2	1.05	0.95	;
	121	2	180.848	34.299	0	0	1	1.0225	-12.38	63	2	1.05	0.95	;
	122	2	300.458	60.740	0	0	1	1.0383	0.94	63	2	1.05	0.95	;
	123	2	259.549	10.976	0	0	1	1.0371	-9.87	63	2	1.05	0.95	;
	124	2	185.214	48.517	0	0	1	1.0293	-2.32	63	2	1.05	0.95	;
	125	2	169.748	14.967	0	0	1	1.0257	-5.93	63	2	1.05	0.95	;
	126	2	138.817	18.334	0	0	1	1.035	-6.46	63	2	1.05	0.95	;
	127	2	169.374	31.680	0	0	1	1.0314	9.5	63	2	1.05	0.95	;
	128	2	360.325	80.821	0	0	1	1.0328	11.62	63	2	1.05	0.95	;
	129	2	256.056	36.045	0	0	1	1.0285	5.31	63	2	1.05	0.95	;
	130	2	382.775	76.206	0	0	1	1.0188	6.11	63	2	1.05	0.95	;
	131	2	212.653	34.548	0	0	1	1.0323	-3.79	63	2	1.05	0.95	;
	132	2	75.956	14.842	0	0	1	1.0123	3.84	63	2	1.05	0.95	;
	133	2	263.665	62.860	0	0	1	1.0278	11.05	63	2	1.05	0.95	;
	134	2	248.573	41.657	0	0	1	1.0244	7.48	63	2	1.05	0.95	;
	135	2	249.571	25.818	0	0	1	1.0306	-7.68	63	2	1.05	0.95	;
	136	2	324.529	38.415	0	0	1	1.0355	-10.07	63	2	1.05	0.95	;
	137	2	183.093	46.272	0	0	1	1.0304	10.52	63	2	1.05	0.95	;
	138	2	195.690	35.671	0	0	1	1.0244	8.6	63	2	1.05	0.95	;
	139	2	240.092	27.065	0	0	1	1.0263	-8.5	63	2	1.05	0.95	;
	140	2	64.607	11.100	0	0	1	1.0198	-11.14	63	2	1.05	0.95	;
