function mpc = Transmission_Network_PT_2040_Slow_Progression

%% MATPOWER Case Format : Version 2
mpc.version = '2';

%%-----  Power Flow Data  -----%%
%% system MVA base
mpc.baseMVA = 100;

%% bus data
%	bus_i	type	Pd	Qd	Gs	Bs	area	Vm	Va	baseKV	zone	Vmax	Vmin
mpc.bus = [
	1	2	0.000	0.000	0	0	1	1.0483	15.69	400	1	1.05	0.95	;
	2	2	0.000	0.000	0	0	1	1.0485	18.2	400	1	1.05	0.95	;
	3	2	0.000	0.000	0	0	1	1.0431	6.66	400	1	1.05	0.95	;
	4	2	0.000	0.000	0	0	1	1.0369	0.09	400	1	1.05	0.95	;
	5	2	0.000	0.000	0	0	1	1.0484	17.87	220	1	1.05	0.95	;
	6	2	0.000	0.000	0	0	1	1.0479	17.81	220	1	1.05	0.95	;
	7	2	0.000	0.000	0	0	1	1.0338	-5.38	400	1	1.05	0.95	;
	305	2	0.000	0.000	0	0	1	1.046	13.52	400	1	1.05	0.95	;
	8	1	0.000	0.000	0	0	1	1.009	-0.38	150	2	1.05	0.95	;
	9	1	0.000	0.000	0	0	1	1.0326	-6.01	150	2	1.05	0.95	;
	10	2	0.000	0.000	0	0	1	1.0373	-5.44	150	2	1.05	0.95	;
	11	1	4.478	-0.336	0	0	1	1.0223	-7.3	150	2	1.05	0.95	;
	12	1	0.000	0.000	0	0	1	1.0182	-9.23	150	2	1.05	0.95	;
	13	1	6.717	2.351	0	0	1	1.0301	-6.41	150	2	1.05	0.95	;
	14	2	0.000	0.000	0	0	1	1.0337	-5.85	150	2	1.05	0.95	;
	15	1	0.000	0.000	0	0	1	1.0395	-5.07	150	2	1.05	0.95	;
	16	1	0.000	0.000	0	0	1	1.0242	12.66	150	2	1.05	0.95	;
	17	1	0.000	0.000	0	0	1	1.0283	12.11	150	2	1.05	0.95	;
	18	1	7.836	-1.008	0	0	1	1.0264	11.74	150	2	1.05	0.95	;
	19	1	0.000	0.000	0	0	1	1.0217	-7.71	150	2	1.05	0.95	;
	20	1	0.000	0.000	0	0	1	1.0272	-6.78	150	2	1.05	0.95	;
	21	1	0.000	0.000	0	0	1	1.0283	11.88	150	2	1.05	0.95	;
	22	2	0.000	0.000	0	0	1	1.0302	-7.12	150	2	1.05	0.95	;
	23	1	0.000	0.000	0	0	1	1.0136	-9.8	150	2	1.05	0.95	;
	24	2	0.000	0.000	0	0	1	1.0235	8.26	150	2	1.05	0.95	;
	25	1	0.000	0.000	0	0	1	1.0221	11.78	150	2	1.05	0.95	;
	26	1	4.478	0.112	0	0	1	1.0385	-5.34	150	2	1.05	0.95	;
	27	1	3.358	-0.224	0	0	1	1.0372	-5.6	150	2	1.05	0.95	;
	28	1	2.239	-0.224	0	0	1	1.0318	-7.13	150	2	1.05	0.95	;
	29	2	0.000	0.000	0	0	1	1.0263	-8.22	150	2	1.05	0.95	;
	30	2	0.000	0.000	0	0	1	1.0374	13.78	150	2	1.05	0.95	;
	31	1	0.000	0.000	0	0	1	1.0195	8.36	150	2	1.05	0.95	;
	32	1	0.000	0.000	0	0	1	1.0314	12.83	150	2	1.05	0.95	;
	33	1	0.000	0.000	0	0	1	1.041	15.22	150	2	1.05	0.95	;
	34	2	0.000	0.000	0	-75	1	1.0318	-7.55	150	2	1.05	0.95	;
	36	1	0.000	0.000	0	0	1	1.0221	-0.26	220	2	1.05	0.95	;
	37	1	0.000	0.000	0	0	1	1.026	-3.84	220	2	1.05	0.95	;
	38	1	0.000	0.000	0	0	1	1.0241	8.14	220	2	1.05	0.95	;
	39	1	0.000	0.000	0	0	1	1.0269	3.4	220	2	1.05	0.95	;
	40	1	0.000	0.000	0	0	1	1.0469	16.58	220	2	1.05	0.95	;
	41	1	0.000	0.000	0	0	1	1.0243	8.19	220	2	1.05	0.95	;
	42	1	0.000	0.000	0	0	1	1.0296	6.88	220	2	1.05	0.95	;
	43	1	0.000	0.000	0	0	1	1.0241	-4.18	220	2	1.05	0.95	;
	44	1	0.000	0.000	0	0	1	1.0227	7.55	220	2	1.05	0.95	;
	45	1	0.000	0.000	0	0	1	1.0272	-0.82	220	2	1.05	0.95	;
	46	1	0.000	0.000	0	0	1	1.0259	-2.45	220	2	1.05	0.95	;
	47	1	0.000	0.000	0	0	1	1.0317	9.93	220	2	1.05	0.95	;
	48	1	44.780	8.956	0	0	1	1.0253	6.32	220	2	1.05	0.95	;
	49	1	0.000	0.000	0	0	1	1.0211	7.96	220	2	1.05	0.95	;
	50	1	0.000	0.000	0	100	1	1.0261	-3.59	220	2	1.05	0.95	;
	51	1	0.000	0.000	0	0	1	1.0388	14.28	220	2	1.05	0.95	;
	52	1	0.000	0.000	0	0	1	1.0264	1.71	220	2	1.05	0.95	;
	53	1	0.000	0.000	0	0	1	1.0233	7.99	220	2	1.05	0.95	;
	54	1	0.000	0.000	0	0	1	1.0471	25.66	220	2	1.05	0.95	;
	55	1	0.000	0.000	0	0	1	1.0236	-4.3	220	2	1.05	0.95	;
	56	1	0.000	0.000	0	100	1	1.0252	-4.63	220	2	1.05	0.95	;
	57	1	0.000	0.000	0	0	1	1.0249	8.54	220	2	1.05	0.95	;
	58	1	0.000	0.000	0	0	1	1.0233	-4.38	220	2	1.05	0.95	;
	59	1	0.000	0.000	0	0	1	1.026	-3.98	220	2	1.05	0.95	;
	60	1	0.000	0.000	0	0	1	1.0327	9.93	220	2	1.05	0.95	;
	61	2	0.000	0.000	0	0	1	1.0322	10.05	220	2	1.05	0.95	;
	62	1	0.000	0.000	0	0	1	1.0323	9.22	220	2	1.05	0.95	;
	63	1	0.000	0.000	0	0	1	1.0437	23.28	220	2	1.05	0.95	;
	64	2	0.000	0.000	0	0	1	1.0221	-2.11	220	2	1.05	0.95	;
	65	2	0.000	0.000	0	0	1	1.0361	9.85	220	2	1.05	0.95	;
	66	1	0.000	0.000	0	0	1	1.034	10.51	220	2	1.05	0.95	;
	67	1	2.239	-0.224	0	0	1	1.0269	8.86	220	2	1.05	0.95	;
	68	1	0.000	0.000	0	0	1	1.0231	8.01	220	2	1.05	0.95	;
	69	1	0.000	0.000	0	0	1	1.0277	5.94	220	2	1.05	0.95	;
	71	1	0.000	0.000	0	0	1	1.0269	2.66	220	2	1.05	0.95	;
	72	1	0.000	0.000	0	-70	1	1.025	8.82	220	2	1.05	0.95	;
	73	2	0.000	0.000	0	0	1	1.0305	18.69	220	2	1.05	0.95	;
	74	1	0.000	0.000	0	0	1	1.0249	-2.77	220	2	1.05	0.95	;
	75	1	0.000	0.000	0	0	1	1.0336	12.49	220	2	1.05	0.95	;
	76	1	0.000	0.000	0	0	1	1.0232	-4.32	220	2	1.05	0.95	;
	77	1	0.000	0.000	0	0	1	1.0356	21.58	220	2	1.05	0.95	;
	78	1	0.000	0.000	0	-70	1	1.0266	4.76	220	2	1.05	0.95	;
	79	1	0.000	0.000	0	0	1	1.031	14.65	220	2	1.05	0.95	;
	80	1	0.000	0.000	0	0	1	1.0409	-2.81	400	2	1.05	0.95	;
	81	1	0.000	0.000	0	0	1	1.0368	10.91	400	2	1.05	0.95	;
	82	1	0.000	0.000	0	0	1	1.0423	-1.08	400	2	1.05	0.95	;
	83	1	0.000	0.000	0	0	1	1.0441	4.86	400	2	1.05	0.95	;
	84	1	0.000	0.000	0	0	1	1.0409	-3.01	400	2	1.05	0.95	;
	85	1	0.000	0.000	0	-150	1	1.0406	2.63	400	2	1.05	0.95	;
	86	1	0.000	0.000	0	0	1	1.041	-3.31	400	2	1.05	0.95	;
	87	1	0.000	0.000	0	0	1	1.0401	-3.71	400	2	1.05	0.95	;
	88	1	0.000	0.000	0	0	1	1.0406	12.43	400	2	1.05	0.95	;
	89	1	0.000	0.000	0	-150	1	1.0432	-1.23	400	2	1.05	0.95	;
	90	1	0.000	0.000	0	-150	1	1.0465	13.18	400	2	1.05	0.95	;
	91	1	0.000	0.000	0	0	1	1.044	13.3	400	2	1.05	0.95	;
	92	1	0.000	0.000	0	-150	1	1.0387	12.44	400	2	1.05	0.95	;
	93	1	0.000	0.000	0	0	1	1.039	11.55	400	2	1.05	0.95	;
	94	1	0.000	0.000	0	0	1	1.0388	11.34	400	2	1.05	0.95	;
	95	1	0.000	0.000	0	0	1	1.0476	8.31	400	2	1.05	0.95	;
	96	1	0.000	0.000	0	0	1	1.0474	14.62	400	2	1.05	0.95	;
	97	2	0.000	0.000	0	0	1	1.0414	-2.94	400	2	1.05	0.95	;
	98	1	0.000	0.000	0	0	1	1.0469	6.59	400	2	1.05	0.95	;
	99	1	0.000	0.000	0	0	1	1.0482	6.07	400	2	1.05	0.95	;
	100	1	0.000	0.000	0	0	1	1.0445	-0.01	400	2	1.05	0.95	;
	101	1	0.000	0.000	0	-150	1	1.0412	9.26	400	2	1.05	0.95	;
	102	1	0.000	0.000	0	-150	1	1.0231	-5.3	400	2	1.05	0.95	;
	103	1	0.000	0.000	0	0	1	1.0457	11.16	400	2	1.05	0.95	;
	104	1	0.000	0.000	0	-150	1	1.0417	13.13	400	2	1.05	0.95	;
	105	1	0.000	0.000	0	0	1	1.0423	-0.14	400	2	1.05	0.95	;
	106	1	0.000	0.000	0	0	1	1.0493	18.16	400	2	1.05	0.95	;
	107	2	0.000	0.000	0	0	1	1.0286	-5.35	400	2	1.05	0.95	;
	108	2	51.609	14.553	0	0	1	1.0098	10.16	130	2	1.05	0.95	;
	109	2	265.320	38.623	0	0	1	1.0207	-3.31	63	2	1.05	0.95	;
	110	2	207.554	11.755	0	0	1	1.028	-7.12	63	2	1.05	0.95	;
	111	2	198.934	23.845	0	0	1	1.026	4.55	63	2	1.05	0.95	;
	112	2	251.774	35.040	0	0	1	1.0269	-7.61	63	2	1.05	0.95	;
	113	2	137.138	19.703	0	0	1	1.0281	-8.17	63	2	1.05	0.95	;
	114	2	238.340	32.465	0	0	1	1.0325	-0.23	63	2	1.05	0.95	;
	115	2	37.951	7.053	0	0	1	1.0183	16.61	63	2	1.05	0.95	;
	116	2	301.479	59.893	0	0	1	1.0198	6.3	63	2	1.05	0.95	;
	117	2	76.349	9.292	0	0	1	1.0163	-9.34	63	2	1.05	0.95	;
	118	2	110.382	27.987	0	0	1	1.0235	6.1	63	2	1.05	0.95	;
	119	2	317.152	54.967	0	0	1	1.0379	-5.67	63	2	1.05	0.95	;
	120	2	275.171	51.273	0	0	1	1.027	4.38	63	2	1.05	0.95	;
	121	2	162.326	30.786	0	0	1	1.0203	-11.45	63	2	1.05	0.95	;
	122	2	269.686	54.519	0	0	1	1.0352	0.78	63	2	1.05	0.95	;
	123	2	232.966	9.852	0	0	1	1.0327	-9.04	63	2	1.05	0.95	;
	124	2	166.245	43.548	0	0	1	1.0279	-2.23	63	2	1.05	0.95	;
	125	2	152.363	13.434	0	0	1	1.0237	-5.39	63	2	1.05	0.95	;
	126	2	124.600	16.457	0	0	1	1.0319	-6.11	63	2	1.05	0.95	;
	127	2	152.027	28.435	0	0	1	1.0306	7.79	63	2	1.05	0.95	;
	128	2	323.421	72.543	0	0	1	1.0311	9.65	63	2	1.05	0.95	;
	129	2	229.832	32.353	0	0	1	1.0273	4.24	63	2	1.05	0.95	;
	130	2	343.572	68.401	0	0	1	1.0166	4.83	63	2	1.05	0.95	;
	131	2	190.874	31.010	0	0	1	1.0288	-3.5	63	2	1.05	0.95	;
	132	2	68.177	13.322	0	0	1	1.0124	3.16	63	2	1.05	0.95	;
	133	2	236.661	56.422	0	0	1	1.0287	9.35	63	2	1.05	0.95	;
	134	2	223.115	37.391	0	0	1	1.0251	6	63	2	1.05	0.95	;
	135	2	224.011	23.174	0	0	1	1.0271	-7	63	2	1.05	0.95	;
	136	2	291.292	34.480	0	0	1	1.0321	-9.17	63	2	1.05	0.95	;
	137	2	164.342	41.533	0	0	1	1.0286	8.92	63	2	1.05	0.95	;
	138	2	175.648	32.017	0	0	1	1.0236	7.05	63	2	1.05	0.95	;
	139	2	215.502	24.293	0	0	1	1.0263	-7.72	63	2	1.05	0.95	;
	140	2	57.990	9.963	0	0	1	1.0186	-10.32	63	2	1.05	0.95	;
