% Distribution_Network_KPC_10
function mpc = A_KPC_10()


%% MATPOWER Case Format : Version 2
mpc.version = '2';

%%-----  Power Flow Data  -----%%
%% system MVA base
mpc.baseMVA = 100;

%% bus data													
%	bus_i	type	Pd	Qd	Gs	Bs	area	Vm	Va	baseKV	zone	Vmax	Vmin
mpc.bus = [													
	2	1	0	0	0	0	1	1	0	10	1	1.1	0.9	;
	5	1	0	0	0	0	1	1	0	10	1	1.1	0.9	;
	8	1	0	0	0	0	1	1	0	10	1	1.1	0.9	;
	12	1	0	0	0	0	1	1	0	10	1	1.1	0.9	;
	11	1	0	0	0	0	1	1	0	10	1	1.1	0.9	;
	13	4	0	0	0	0	1	1	0	10	1	1.1	0.9	;
	14	1	0	0	0	0	1	1	0	10	1	1.1	0.9	;
	15	1	0	0	0	0	1	1	0	10	1	1.1	0.9	;
	19	1	0	0	0	0	1	1	0	10	1	1.1	0.9	;
	21	1	0	0	0	0	1	1	0	10	1	1.1	0.9	;
	24	1	0	0	0	0	1	1	0	10	1	1.1	0.9	;
	25	1	0	0	0	0	1	1	0	10	1	1.1	0.9	;
	28	1	0	0	0	0	1	1	0	10	1	1.1	0.9	;
	32	1	0	0	0	0	1	1	0	10	1	1.1	0.9	;
	33	1	0	0	0	0	1	1	0	10	1	1.1	0.9	;
	38	1	0	0	0	0	1	1	0	10	1	1.1	0.9	;
	39	1	0	0	0	0	1	1	0	10	1	1.1	0.9	;
	42	1	0	0	0	0	1	1	0	10	1	1.1	0.9	;
	44	1	0	0	0	0	1	1	0	10	1	1.1	0.9	;
	46	1	0	0	0	0	1	1	0	10	1	1.1	0.9	;
	47	1	0	0	0	0	1	1	0	10	1	1.1	0.9	;
	48	1	0	0	0	0	1	1	0	10	1	1.1	0.9	;
	51	1	0	0	0	0	1	1	0	10	1	1.1	0.9	;
	52	1	0	0	0	0	1	1	0	10	1	1.1	0.9	;
	53	1	0	0	0	0	1	1	0	10	1	1.1	0.9	;
	54	1	0	0	0	0	1	1	0	10	1	1.1	0.9	;
	55	1	0	0	0	0	1	1	0	10	1	1.1	0.9	;
	56	1	0	0	0	0	1	1	0	10	1	1.1	0.9	;
	57	1	0	0	0	0	1	1	0	10	1	1.1	0.9	;
	58	1	0	0	0	0	1	1	0	10	1	1.1	0.9	;
	59	1	0	0	0	0	1	1	0	10	1	1.1	0.9	;
	60	1	0	0	0	0	1	1	0	10	1	1.1	0.9	;
	61	1	0	0	0	0	1	1	0	10	1	1.1	0.9	;
	62	1	0	0	0	0	1	1	0	10	1	1.1	0.9	;
	72	1	0	0	0	0	1	1	0	10	1	1.1	0.9	;
	73	1	0	0	0	0	1	1	0	10	1	1.1	0.9	;
	74	1	0	0	0	0	1	1	0	10	1	1.1	0.9	;
	81	1	0	0	0	0	1	1	0	10	1	1.1	0.9	;
	88	1	0	0	0	0	1	1	0	10	1	1.1	0.9	;
	100	1	0.091428571	-0.026666667	0	0	1	1	0	0.4	1	1.1	0.9	;
	101	1	0.057142857	-0.016666667	0	0	1	1	0	0.4	1	1.1	0.9	;
	102	4	0	0	0	0	1	1	0	0.4	1	1.1	0.9	;
	103	1	0.015606936	-0.006358382	0	0	1	1	0	0.4	1	1.1	0.9	;
	104	1	0.039017341	-0.015895954	0	0	1	1	0	0.4	1	1.1	0.9	;
	105	1	0.098323699	-0.040057803	0	0	1	1	0	0.4	1	1.1	0.9	;
	106	1	0.039017341	-0.015895954	0	0	1	1	0	0.4	1	1.1	0.9	;
	107	1	0.040605096	-0.013535032	0	0	1	1	0	0.4	1	1.1	0.9	;
	108	1	0.064968153	-0.021656051	0	0	1	1	0	0.4	1	1.1	0.9	;
	109	1	0.091428571	-0.026666667	0	0	1	1	0	0.4	1	1.1	0.9	;
	110	1	0.040605096	-0.013535032	0	0	1	1	0	0.4	1	1.1	0.9	;
	111	1	0.064968153	-0.021656051	0	0	1	1	0	0.4	1	1.1	0.9	;
	112	1	0.064968153	-0.021656051	0	0	1	1	0	0.4	1	1.1	0.9	;
	113	1	0.040605096	-0.013535032	0	0	1	1	0	0.4	1	1.1	0.9	;
	114	1	0.064968153	-0.021656051	0	0	1	1	0	0.4	1	1.1	0.9	;
	115	1	0.064968153	-0.021656051	0	0	1	1	0	0.4	1	1.1	0.9	;
	116	1	0.040605096	-0.013535032	0	0	1	1	0	0.4	1	1.1	0.9	;
	117	1	0.167292994	-0.055764331	0	0	1	1	0	0.4	1	1.1	0.9	;
	118	1	0.064968153	-0.021656051	0	0	1	1	0	0.4	1	1.1	0.9	;
	119	1	0.040605096	-0.013535032	0	0	1	1	0	0.4	1	1.1	0.9	;
	120	1	0.025987261	-0.00866242	0	0	1	1	0	0.4	1	1.1	0.9	;
	121	1	0.040605096	-0.013535032	0	0	1	1	0	0.4	1	1.1	0.9	;
	122	1	0.102324841	-0.03410828	0	0	1	1	0	0.4	1	1.1	0.9	;
	123	1	0.024296296	-0.001185185	0	0	1	1	0	0.4	1	1.1	0.9	;
	124	1	0.060740741	-0.002962963	0	0	1	1	0	0.4	1	1.1	0.9	;
	125	1	0.024296296	-0.001185185	0	0	1	1	0	0.4	1	1.1	0.9	;
	126	1	0.037962963	-0.001851852	0	0	1	1	0	0.4	1	1.1	0.9	;
	127	1	0.095666667	-0.004666667	0	0	1	1	0	0.4	1	1.1	0.9	;
	128	1	0.095666667	-0.004666667	0	0	1	1	0	0.4	1	1.1	0.9	;
	129	1	0.095666667	-0.004666667	0	0	1	1	0	0.4	1	1.1	0.9	;
	130	1	0.060740741	-0.002962963	0	0	1	1	0	0.4	1	1.1	0.9	;
	131	1	0.037962963	-0.001851852	0	0	1	1	0	0.4	1	1.1	0.9	;
	132	1	0.025987261	-0.00866242	0	0	1	1	0	0.4	1	1.1	0.9	;
	133	1	0.064968153	-0.021656051	0	0	1	1	0	0.4	1	1.1	0.9	;
	134	1	0.095666667	-0.004666667	0	0	1	1	0	0.4	1	1.1	0.9	;
	135	1	0.095666667	-0.004666667	0	0	1	1	0	0.4	1	1.1	0.9	;
	136	1	0.095666667	-0.004666667	0	0	1	1	0	0.4	1	1.1	0.9	;
	137	3	0	0	0	0	1	1	0	10	1	1.1	0.9	;
	138	1	0	0	0	0	1	1	0	10	1	1.1	0.9	;
	139	3	0	0	0	0	1	1	0	10	1	1.1	0.9	;
	140	1	0	0	0	0	1	1	0	10	1	1.1	0.9	;
	141	4	0	0	0	0	1	1	0	10	1	1.1	0.9	;
	142	3	0	0	0	0	1	1	0	10	1	1.1	0.9	;
	143	4	0	0	0	0	1	1	0	10	1	1.1	0.9	;
	144	3	0	0	0	0	1	1	0	10	1	1.1	0.9	;
	145	1	0.039017341	-0.015895954	0	0	1	1	0	0.4	1	1.1	0.9	;
	146	1	0.039017341	-0.015895954	0	0	1	1	0	0.4	1	1.1	0.9	;
];													

%% branch data														
%	fbus	tbus	r	x	b	rateA (summer)	rateB (spring)	rateC (winter)	tap ratio	shift angle	status	angmin	angmax	step_size	actTap	minTap	maxTap	normalTap	length (km)
