function mpc = Transmission_Network_PT_2040_Active_Economy

%% MATPOWER Case Format : Version 2
mpc.version = '2';

%%-----  Power Flow Data  -----%%
%% system MVA base
mpc.baseMVA = 100;

%% bus data
%	bus_i	type	Pd	Qd	Gs	Bs	area	Vm	Va	baseKV	zone	Vmax	Vmin
mpc.bus = [
	1	2	0.000	0.000	0	0	1	1.0495	23.83	400	1	1.05	0.95	;
	2	2	0.000	0.000	0	0	1	1.0487	21.89	400	1	1.05	0.95	;
	3	2	0.000	0.000	0	0	1	1.0451	8.1	400	1	1.05	0.95	;
	4	2	0.000	0.000	0	0	1	1.0404	1.11	400	1	1.05	0.95	;
	5	2	0.000	0.000	0	0	1	1.0494	24.84	220	1	1.05	0.95	;
	6	2	0.000	0.000	0	0	1	1.0492	24.72	220	1	1.05	0.95	;
	7	2	0.000	0.000	0	0	1	1.037	-5.97	400	1	1.05	0.95	;
	305	2	0.000	0.000	0	0	1	1.0484	19.82	400	1	1.05	0.95	;
	8	1	0.000	0.000	0	0	1	1.0098	0.13	150	2	1.05	0.95	;
	9	1	0.000	0.000	0	0	1	1.0348	-6.97	150	2	1.05	0.95	;
	10	2	0.000	0.000	0	0	1	1.0405	-6	150	2	1.05	0.95	;
	11	1	5.308	-0.398	0	0	1	1.022	-8.45	150	2	1.05	0.95	;
	12	1	0.000	0.000	0	0	1	1.0254	-10.54	150	2	1.05	0.95	;
	13	1	7.962	2.787	0	0	1	1.032	-7.44	150	2	1.05	0.95	;
	14	2	0.000	0.000	0	0	1	1.0358	-6.76	150	2	1.05	0.95	;
	15	1	0.000	0.000	0	0	1	1.0431	-5.68	150	2	1.05	0.95	;
	16	1	0.000	0.000	0	0	1	1.0236	15.73	150	2	1.05	0.95	;
	17	1	0.000	0.000	0	0	1	1.0271	16.59	150	2	1.05	0.95	;
	18	1	9.290	-1.194	0	0	1	1.0307	17.32	150	2	1.05	0.95	;
	19	1	0.000	0.000	0	0	1	1.0207	-8.79	150	2	1.05	0.95	;
	20	1	0.000	0.000	0	0	1	1.0285	-7.87	150	2	1.05	0.95	;
	21	1	0.000	0.000	0	0	1	1.0285	16.17	150	2	1.05	0.95	;
	22	2	0.000	0.000	0	0	1	1.034	-8.04	150	2	1.05	0.95	;
	23	1	0.000	0.000	0	0	1	1.0163	-11.17	150	2	1.05	0.95	;
	24	2	0.000	0.000	0	0	1	1.0267	10.02	150	2	1.05	0.95	;
	25	1	0.000	0.000	0	0	1	1.0208	16.45	150	2	1.05	0.95	;
	26	1	5.308	0.133	0	0	1	1.0419	-5.94	150	2	1.05	0.95	;
	27	1	3.981	-0.265	0	0	1	1.0399	-6.39	150	2	1.05	0.95	;
	28	1	2.654	-0.265	0	0	1	1.0362	-8.06	150	2	1.05	0.95	;
	29	2	0.000	0.000	0	0	1	1.0314	-9.33	150	2	1.05	0.95	;
	30	2	0.000	0.000	0	0	1	1.0354	17.98	150	2	1.05	0.95	;
	31	1	0.000	0.000	0	0	1	1.0246	10.34	150	2	1.05	0.95	;
	32	1	0.000	0.000	0	0	1	1.0307	17.37	150	2	1.05	0.95	;
	33	1	0.000	0.000	0	0	1	1.0381	18.89	150	2	1.05	0.95	;
	34	2	0.000	0.000	0	-75	1	1.0377	-8.53	150	2	1.05	0.95	;
	36	1	0.000	0.000	0	0	1	1.0269	0.31	220	2	1.05	0.95	;
	37	1	0.000	0.000	0	0	1	1.0292	-4.39	220	2	1.05	0.95	;
	38	1	0.000	0.000	0	0	1	1.0248	11.31	220	2	1.05	0.95	;
	39	1	0.000	0.000	0	0	1	1.0334	5.39	220	2	1.05	0.95	;
	40	1	0.000	0.000	0	0	1	1.0482	22.2	220	2	1.05	0.95	;
	41	1	0.000	0.000	0	0	1	1.025	11.42	220	2	1.05	0.95	;
	42	1	0.000	0.000	0	0	1	1.0366	9.65	220	2	1.05	0.95	;
	43	1	0.000	0.000	0	0	1	1.0275	-4.8	220	2	1.05	0.95	;
	44	1	0.000	0.000	0	0	1	1.0266	10.3	220	2	1.05	0.95	;
	45	1	0.000	0.000	0	0	1	1.0305	-0.71	220	2	1.05	0.95	;
	46	1	0.000	0.000	0	0	1	1.0302	-2.78	220	2	1.05	0.95	;
	47	1	0.000	0.000	0	0	1	1.0352	13.3	220	2	1.05	0.95	;
	48	1	53.083	10.617	0	0	1	1.0295	8.71	220	2	1.05	0.95	;
	49	1	0.000	0.000	0	0	1	1.0216	11.05	220	2	1.05	0.95	;
	50	1	0.000	0.000	0	100	1	1.0299	-4.1	220	2	1.05	0.95	;
	51	1	0.000	0.000	0	0	1	1.0405	18.35	220	2	1.05	0.95	;
	52	1	0.000	0.000	0	0	1	1.0332	2.76	220	2	1.05	0.95	;
	53	1	0.000	0.000	0	0	1	1.0236	11.17	220	2	1.05	0.95	;
	54	1	0.000	0.000	0	0	1	1.0472	29.54	220	2	1.05	0.95	;
	55	1	0.000	0.000	0	0	1	1.0269	-4.94	220	2	1.05	0.95	;
	56	1	0.000	0.000	0	100	1	1.0276	-5.31	220	2	1.05	0.95	;
	57	1	0.000	0.000	0	0	1	1.026	11.77	220	2	1.05	0.95	;
	58	1	0.000	0.000	0	0	1	1.0264	-5.03	220	2	1.05	0.95	;
	59	1	0.000	0.000	0	0	1	1.029	-4.56	220	2	1.05	0.95	;
	60	1	0.000	0.000	0	0	1	1.0357	13.14	220	2	1.05	0.95	;
	61	2	0.000	0.000	0	0	1	1.0361	13.47	220	2	1.05	0.95	;
	62	1	0.000	0.000	0	0	1	1.0351	11.87	220	2	1.05	0.95	;
	63	1	0.000	0.000	0	0	1	1.0454	27.32	220	2	1.05	0.95	;
	64	2	0.000	0.000	0	0	1	1.0258	-2.16	220	2	1.05	0.95	;
	65	2	0.000	0.000	0	0	1	1.0412	13.29	220	2	1.05	0.95	;
	66	1	0.000	0.000	0	0	1	1.0369	13.76	220	2	1.05	0.95	;
	67	1	2.654	-0.265	0	0	1	1.0286	12.12	220	2	1.05	0.95	;
	68	1	0.000	0.000	0	0	1	1.0234	11.2	220	2	1.05	0.95	;
	69	1	0.000	0.000	0	0	1	1.0314	8.24	220	2	1.05	0.95	;
	71	1	0.000	0.000	0	0	1	1.0328	4.33	220	2	1.05	0.95	;
	72	1	0.000	0.000	0	-70	1	1.0273	11.11	220	2	1.05	0.95	;
	73	2	0.000	0.000	0	0	1	1.0313	22.3	220	2	1.05	0.95	;
	74	1	0.000	0.000	0	0	1	1.0291	-3.05	220	2	1.05	0.95	;
	75	1	0.000	0.000	0	0	1	1.0361	15.85	220	2	1.05	0.95	;
	76	1	0.000	0.000	0	0	1	1.0264	-4.97	220	2	1.05	0.95	;
	77	1	0.000	0.000	0	0	1	1.0356	25.32	220	2	1.05	0.95	;
	78	1	0.000	0.000	0	-70	1	1.0338	7.07	220	2	1.05	0.95	;
	79	1	0.000	0.000	0	0	1	1.0325	18.08	220	2	1.05	0.95	;
	80	1	0.000	0.000	0	0	1	1.0418	-2.85	400	2	1.05	0.95	;
	81	1	0.000	0.000	0	0	1	1.035	14.92	400	2	1.05	0.95	;
	82	1	0.000	0.000	0	0	1	1.0436	-1.18	400	2	1.05	0.95	;
	83	1	0.000	0.000	0	0	1	1.0451	5.95	400	2	1.05	0.95	;
	84	1	0.000	0.000	0	0	1	1.0417	-3.42	400	2	1.05	0.95	;
	85	1	0.000	0.000	0	-150	1	1.0419	3.25	400	2	1.05	0.95	;
	86	1	0.000	0.000	0	0	1	1.0421	-3.74	400	2	1.05	0.95	;
	87	1	0.000	0.000	0	0	1	1.0423	-4.08	400	2	1.05	0.95	;
	88	1	0.000	0.000	0	0	1	1.0406	17.37	400	2	1.05	0.95	;
	89	1	0.000	0.000	0	-150	1	1.0446	-1.33	400	2	1.05	0.95	;
	90	1	0.000	0.000	0	-150	1	1.0473	16.36	400	2	1.05	0.95	;
	91	1	0.000	0.000	0	0	1	1.0456	18.9	400	2	1.05	0.95	;
	92	1	0.000	0.000	0	-150	1	1.0385	16.16	400	2	1.05	0.95	;
	93	1	0.000	0.000	0	0	1	1.0381	15.62	400	2	1.05	0.95	;
	94	1	0.000	0.000	0	0	1	1.0381	15.69	400	2	1.05	0.95	;
	95	1	0.000	0.000	0	0	1	1.048	10.1	400	2	1.05	0.95	;
	96	1	0.000	0.000	0	0	1	1.0493	21.65	400	2	1.05	0.95	;
	97	2	0.000	0.000	0	0	1	1.0424	-3.31	400	2	1.05	0.95	;
	98	1	0.000	0.000	0	0	1	1.0483	7.99	400	2	1.05	0.95	;
	99	1	0.000	0.000	0	0	1	1.0495	7.12	400	2	1.05	0.95	;
	100	1	0.000	0.000	0	0	1	1.0476	-0.01	400	2	1.05	0.95	;
	101	1	0.000	0.000	0	-150	1	1.0425	11.75	400	2	1.05	0.95	;
	102	1	0.000	0.000	0	-150	1	1.0288	-5.93	400	2	1.05	0.95	;
	103	1	0.000	0.000	0	0	1	1.0471	13.99	400	2	1.05	0.95	;
	104	1	0.000	0.000	0	-150	1	1.0428	18.65	400	2	1.05	0.95	;
	105	1	0.000	0.000	0	0	1	1.0433	0.68	400	2	1.05	0.95	;
	106	1	0.000	0.000	0	0	1	1.0494	21.82	400	2	1.05	0.95	;
	107	2	0.000	0.000	0	0	1	1.0323	-5.94	400	2	1.05	0.95	;
	108	2	61.178	17.252	0	0	1	1.0295	14.34	130	2	1.05	0.95	;
	109	2	314.518	45.784	0	0	1	1.0283	-3.37	63	2	1.05	0.95	;
	110	2	246.041	13.934	0	0	1	1.0313	-8.24	63	2	1.05	0.95	;
	111	2	235.822	28.267	0	0	1	1.0288	7.11	63	2	1.05	0.95	;
	112	2	298.461	41.538	0	0	1	1.0324	-8.95	63	2	1.05	0.95	;
	113	2	162.567	23.357	0	0	1	1.0338	-9.17	63	2	1.05	0.95	;
	114	2	282.536	38.485	0	0	1	1.0413	1.12	63	2	1.05	0.95	;
	115	2	44.988	8.361	0	0	1	1.0244	22	63	2	1.05	0.95	;
	116	2	357.383	70.999	0	0	1	1.0208	9.27	63	2	1.05	0.95	;
	117	2	90.507	11.015	0	0	1	1.0193	-10.81	63	2	1.05	0.95	;
	118	2	130.850	33.177	0	0	1	1.0319	8.75	63	2	1.05	0.95	;
	119	2	375.962	65.160	0	0	1	1.0439	-6.54	63	2	1.05	0.95	;
	120	2	326.197	60.780	0	0	1	1.0355	6.6	63	2	1.05	0.95	;
	121	2	192.427	36.495	0	0	1	1.032	-13.12	63	2	1.05	0.95	;
	122	2	319.694	64.629	0	0	1	1.0396	1.12	63	2	1.05	0.95	;
	123	2	276.166	11.678	0	0	1	1.0365	-10.54	63	2	1.05	0.95	;
	124	2	197.072	51.623	0	0	1	1.0347	-2.36	63	2	1.05	0.95	;
	125	2	180.616	15.925	0	0	1	1.0292	-6.21	63	2	1.05	0.95	;
	126	2	147.704	19.508	0	0	1	1.0357	-6.89	63	2	1.05	0.95	;
	127	2	180.218	33.708	0	0	1	1.0338	10.7	63	2	1.05	0.95	;
	128	2	383.394	85.995	0	0	1	1.0377	13.86	63	2	1.05	0.95	;
	129	2	272.450	38.353	0	0	1	1.0369	6.1	63	2	1.05	0.95	;
	130	2	407.281	81.085	0	0	1	1.018	7.29	63	2	1.05	0.95	;
	131	2	226.267	36.760	0	0	1	1.0353	-4.02	63	2	1.05	0.95	;
	132	2	80.819	15.792	0	0	1	1.0155	4.3	63	2	1.05	0.95	;
	133	2	280.545	66.885	0	0	1	1.0342	14.43	63	2	1.05	0.95	;
	134	2	264.487	44.325	0	0	1	1.0235	8.71	63	2	1.05	0.95	;
	135	2	265.549	27.471	0	0	1	1.0347	-8.08	63	2	1.05	0.95	;
	136	2	345.307	40.874	0	0	1	1.0359	-10.61	63	2	1.05	0.95	;
	137	2	194.816	49.235	0	0	1	1.0328	12.01	63	2	1.05	0.95	;
	138	2	208.219	37.955	0	0	1	1.028	10.03	63	2	1.05	0.95	;
	139	2	255.463	28.798	0	0	1	1.0319	-8.92	63	2	1.05	0.95	;
	140	2	68.743	11.811	0	0	1	1.0196	-11.88	63	2	1.05	0.95	;
