function mpc = Transmission_Network_PT_2030_Active_Economy

%% MATPOWER Case Format : Version 2
mpc.version = '2';

%%-----  Power Flow Data  -----%%
%% system MVA base
mpc.baseMVA = 100;

%% bus data
%	bus_i	type	Pd	Qd	Gs	Bs	area	Vm	Va	baseKV	zone	Vmax	Vmin
mpc.bus = [
	1	2	0.000	0.000	0	0	1	1.0483	14.52	400	1	1.05	0.95	;
	2	2	0.000	0.000	0	0	1	1.0482	15.7	400	1	1.05	0.95	;
	3	2	0.000	0.000	0	0	1	1.042	6.23	400	1	1.05	0.95	;
	4	2	0.000	0.000	0	0	1	1.0373	1.03	400	1	1.05	0.95	;
	5	2	0.000	0.000	0	0	1	1.0486	17.44	220	1	1.05	0.95	;
	6	2	0.000	0.000	0	0	1	1.0482	17.37	220	1	1.05	0.95	;
	7	2	0.000	0.000	0	0	1	1.0329	-4.86	400	1	1.05	0.95	;
	305	2	0.000	0.000	0	0	1	1.0457	12.2	400	1	1.05	0.95	;
	8	1	0.000	0.000	0	0	1	1.0089	-0.84	150	2	1.05	0.95	;
	9	1	0.000	0.000	0	0	1	1.0314	-5.77	150	2	1.05	0.95	;
	10	2	0.000	0.000	0	0	1	1.0374	-4.91	150	2	1.05	0.95	;
	11	1	4.345	-0.326	0	0	1	1.0218	-7.01	150	2	1.05	0.95	;
	12	1	0.000	0.000	0	0	1	1.021	-8.65	150	2	1.05	0.95	;
	13	1	6.518	2.281	0	0	1	1.0293	-6.16	150	2	1.05	0.95	;
	14	2	0.000	0.000	0	0	1	1.0327	-5.61	150	2	1.05	0.95	;
	15	1	0.000	0.000	0	0	1	1.0372	-4.68	150	2	1.05	0.95	;
	16	1	0.000	0.000	0	0	1	1.0227	10.86	150	2	1.05	0.95	;
	17	1	0.000	0.000	0	0	1	1.0266	10.52	150	2	1.05	0.95	;
	18	1	7.604	-0.978	0	0	1	1.0288	10.96	150	2	1.05	0.95	;
	19	1	0.000	0.000	0	0	1	1.022	-7.24	150	2	1.05	0.95	;
	20	1	0.000	0.000	0	0	1	1.0265	-6.51	150	2	1.05	0.95	;
	21	1	0.000	0.000	0	0	1	1.0276	10.32	150	2	1.05	0.95	;
	22	2	0.000	0.000	0	0	1	1.0301	-6.61	150	2	1.05	0.95	;
	23	1	0.000	0.000	0	0	1	1.0148	-9.17	150	2	1.05	0.95	;
	24	2	0.000	0.000	0	0	1	1.0233	7.71	150	2	1.05	0.95	;
	25	1	0.000	0.000	0	0	1	1.0221	10.42	150	2	1.05	0.95	;
	26	1	4.345	0.109	0	0	1	1.0376	-4.87	150	2	1.05	0.95	;
	27	1	3.259	-0.217	0	0	1	1.0356	-5.29	150	2	1.05	0.95	;
	28	1	2.173	-0.217	0	0	1	1.0315	-6.64	150	2	1.05	0.95	;
	29	2	0.000	0.000	0	0	1	1.0271	-7.67	150	2	1.05	0.95	;
	30	2	0.000	0.000	0	0	1	1.0354	12.1	150	2	1.05	0.95	;
	31	1	0.000	0.000	0	0	1	1.0199	7.77	150	2	1.05	0.95	;
	32	1	0.000	0.000	0	0	1	1.0303	11.29	150	2	1.05	0.95	;
	33	1	0.000	0.000	0	0	1	1.0383	13.33	150	2	1.05	0.95	;
	34	2	0.000	0.000	0	-75	1	1.0318	-6.98	150	2	1.05	0.95	;
	36	1	0.000	0.000	0	0	1	1.0216	-0.71	220	2	1.05	0.95	;
	37	1	0.000	0.000	0	0	1	1.0259	-3.75	220	2	1.05	0.95	;
	38	1	0.000	0.000	0	0	1	1.0241	6.5	220	2	1.05	0.95	;
	39	1	0.000	0.000	0	0	1	1.0291	3.35	220	2	1.05	0.95	;
	40	1	0.000	0.000	0	0	1	1.047	15.94	220	2	1.05	0.95	;
	41	1	0.000	0.000	0	0	1	1.0246	6.55	220	2	1.05	0.95	;
	42	1	0.000	0.000	0	0	1	1.0317	6.58	220	2	1.05	0.95	;
	43	1	0.000	0.000	0	0	1	1.0242	-4.08	220	2	1.05	0.95	;
	44	1	0.000	0.000	0	0	1	1.024	6.18	220	2	1.05	0.95	;
	45	1	0.000	0.000	0	0	1	1.0276	-0.92	220	2	1.05	0.95	;
	46	1	0.000	0.000	0	0	1	1.0256	-2.42	220	2	1.05	0.95	;
	47	1	0.000	0.000	0	0	1	1.0302	8.21	220	2	1.05	0.95	;
	48	1	43.450	8.690	0	0	1	1.0264	5.34	220	2	1.05	0.95	;
	49	1	0.000	0.000	0	0	1	1.0213	6.35	220	2	1.05	0.95	;
	50	1	0.000	0.000	0	100	1	1.0261	-3.5	220	2	1.05	0.95	;
	51	1	0.000	0.000	0	0	1	1.0377	12.63	220	2	1.05	0.95	;
	52	1	0.000	0.000	0	0	1	1.0284	1.53	220	2	1.05	0.95	;
	53	1	0.000	0.000	0	0	1	1.0236	6.34	220	2	1.05	0.95	;
	54	1	0.000	0.000	0	0	1	1.0467	22.63	220	2	1.05	0.95	;
	55	1	0.000	0.000	0	0	1	1.0237	-4.2	220	2	1.05	0.95	;
	56	1	0.000	0.000	0	100	1	1.0254	-4.53	220	2	1.05	0.95	;
	57	1	0.000	0.000	0	0	1	1.025	6.9	220	2	1.05	0.95	;
	58	1	0.000	0.000	0	0	1	1.0234	-4.27	220	2	1.05	0.95	;
	59	1	0.000	0.000	0	0	1	1.0261	-3.89	220	2	1.05	0.95	;
	60	1	0.000	0.000	0	0	1	1.0316	8.31	220	2	1.05	0.95	;
	61	2	0.000	0.000	0	0	1	1.0307	8.32	220	2	1.05	0.95	;
	62	1	0.000	0.000	0	0	1	1.0322	8.53	220	2	1.05	0.95	;
	63	1	0.000	0.000	0	0	1	1.0442	20.57	220	2	1.05	0.95	;
	64	2	0.000	0.000	0	0	1	1.0219	-2.25	220	2	1.05	0.95	;
	65	2	0.000	0.000	0	0	1	1.0368	9.37	220	2	1.05	0.95	;
	66	1	0.000	0.000	0	0	1	1.0328	8.92	220	2	1.05	0.95	;
	67	1	2.173	-0.217	0	0	1	1.0266	7.2	220	2	1.05	0.95	;
	68	1	0.000	0.000	0	0	1	1.0234	6.37	220	2	1.05	0.95	;
	69	1	0.000	0.000	0	0	1	1.0285	5.17	220	2	1.05	0.95	;
	71	1	0.000	0.000	0	0	1	1.028	2.5	220	2	1.05	0.95	;
	72	1	0.000	0.000	0	-70	1	1.0253	8.17	220	2	1.05	0.95	;
	73	2	0.000	0.000	0	0	1	1.0309	16.22	220	2	1.05	0.95	;
	74	1	0.000	0.000	0	0	1	1.0248	-2.78	220	2	1.05	0.95	;
	75	1	0.000	0.000	0	0	1	1.0321	10.58	220	2	1.05	0.95	;
	76	1	0.000	0.000	0	0	1	1.0234	-4.22	220	2	1.05	0.95	;
	77	1	0.000	0.000	0	0	1	1.0357	18.84	220	2	1.05	0.95	;
	78	1	0.000	0.000	0	-70	1	1.0289	4.65	220	2	1.05	0.95	;
	79	1	0.000	0.000	0	0	1	1.0306	12.53	220	2	1.05	0.95	;
	80	1	0.000	0.000	0	0	1	1.0412	-2.3	400	2	1.05	0.95	;
	81	1	0.000	0.000	0	0	1	1.0375	9.21	400	2	1.05	0.95	;
	82	1	0.000	0.000	0	0	1	1.042	-1.08	400	2	1.05	0.95	;
	83	1	0.000	0.000	0	0	1	1.0445	4.29	400	2	1.05	0.95	;
	84	1	0.000	0.000	0	0	1	1.0404	-2.85	400	2	1.05	0.95	;
	85	1	0.000	0.000	0	-150	1	1.0408	2.3	400	2	1.05	0.95	;
	86	1	0.000	0.000	0	0	1	1.0407	-3.12	400	2	1.05	0.95	;
	87	1	0.000	0.000	0	0	1	1.0409	-3.36	400	2	1.05	0.95	;
	88	1	0.000	0.000	0	0	1	1.0414	10.82	400	2	1.05	0.95	;
	89	1	0.000	0.000	0	-150	1	1.0427	-1.19	400	2	1.05	0.95	;
	90	1	0.000	0.000	0	-150	1	1.046	11.1	400	2	1.05	0.95	;
	91	1	0.000	0.000	0	0	1	1.044	11.79	400	2	1.05	0.95	;
	92	1	0.000	0.000	0	-150	1	1.04	10.35	400	2	1.05	0.95	;
	93	1	0.000	0.000	0	0	1	1.0398	9.81	400	2	1.05	0.95	;
	94	1	0.000	0.000	0	0	1	1.0395	9.69	400	2	1.05	0.95	;
	95	1	0.000	0.000	0	0	1	1.0472	7.31	400	2	1.05	0.95	;
	96	1	0.000	0.000	0	0	1	1.0473	13.28	400	2	1.05	0.95	;
	97	2	0.000	0.000	0	0	1	1.0411	-2.78	400	2	1.05	0.95	;
	98	1	0.000	0.000	0	0	1	1.0462	6.15	400	2	1.05	0.95	;
	99	1	0.000	0.000	0	0	1	1.0469	5.72	400	2	1.05	0.95	;
	100	1	0.000	0.000	0	0	1	1.0431	-0.01	400	2	1.05	0.95	;
	101	1	0.000	0.000	0	-150	1	1.0425	7.91	400	2	1.05	0.95	;
	102	1	0.000	0.000	0	-150	1	1.0259	-4.85	400	2	1.05	0.95	;
	103	1	0.000	0.000	0	0	1	1.0459	9.44	400	2	1.05	0.95	;
	104	1	0.000	0.000	0	-150	1	1.042	11.62	400	2	1.05	0.95	;
	105	1	0.000	0.000	0	0	1	1.0419	0.77	400	2	1.05	0.95	;
	106	1	0.000	0.000	0	0	1	1.049	15.66	400	2	1.05	0.95	;
	107	2	0.000	0.000	0	0	1	1.03	-4.84	400	2	1.05	0.95	;
	108	2	50.077	14.121	0	0	1	1.0171	8.73	130	2	1.05	0.95	;
	109	2	257.443	37.476	0	0	1	1.0208	-3.65	63	2	1.05	0.95	;
	110	2	201.392	11.406	0	0	1	1.0266	-6.95	63	2	1.05	0.95	;
	111	2	193.028	23.137	0	0	1	1.0265	3.03	63	2	1.05	0.95	;
	112	2	244.300	34.000	0	0	1	1.0239	-7.43	63	2	1.05	0.95	;
	113	2	133.067	19.118	0	0	1	1.0285	-7.55	63	2	1.05	0.95	;
	114	2	231.265	31.502	0	0	1	1.0322	-0.21	63	2	1.05	0.95	;
	115	2	36.824	6.843	0	0	1	1.021	15.87	63	2	1.05	0.95	;
	116	2	292.530	58.115	0	0	1	1.0205	4.67	63	2	1.05	0.95	;
	117	2	74.083	9.016	0	0	1	1.0161	-8.97	63	2	1.05	0.95	;
	118	2	107.105	27.156	0	0	1	1.0274	5.79	63	2	1.05	0.95	;
	119	2	307.737	53.335	0	0	1	1.0384	-5.52	63	2	1.05	0.95	;
	120	2	267.003	49.751	0	0	1	1.0287	3.1	63	2	1.05	0.95	;
	121	2	157.508	29.872	0	0	1	1.0243	-10.79	63	2	1.05	0.95	;
	122	2	261.680	52.901	0	0	1	1.0389	0.34	63	2	1.05	0.95	;
	123	2	226.051	9.559	0	0	1	1.0317	-8.73	63	2	1.05	0.95	;
	124	2	161.309	42.255	0	0	1	1.0299	-2.28	63	2	1.05	0.95	;
	125	2	147.840	13.035	0	0	1	1.0252	-5.25	63	2	1.05	0.95	;
	126	2	120.901	15.968	0	0	1	1.0294	-5.69	63	2	1.05	0.95	;
	127	2	147.514	27.591	0	0	1	1.0275	6.06	63	2	1.05	0.95	;
	128	2	313.820	70.390	0	0	1	1.0315	8.06	63	2	1.05	0.95	;
	129	2	223.009	31.393	0	0	1	1.0293	3.41	63	2	1.05	0.95	;
	130	2	333.373	66.370	0	0	1	1.017	3.21	63	2	1.05	0.95	;
	131	2	185.207	30.089	0	0	1	1.0287	-3.41	63	2	1.05	0.95	;
	132	2	66.153	12.926	0	0	1	1.0133	2.65	63	2	1.05	0.95	;
	133	2	229.635	54.747	0	0	1	1.0286	8.56	63	2	1.05	0.95	;
	134	2	216.491	36.281	0	0	1	1.0251	4.3	63	2	1.05	0.95	;
	135	2	217.360	22.486	0	0	1	1.0261	-6.82	63	2	1.05	0.95	;
	136	2	282.645	33.457	0	0	1	1.0284	-8.95	63	2	1.05	0.95	;
	137	2	159.463	40.300	0	0	1	1.028	6.91	63	2	1.05	0.95	;
	138	2	170.434	31.067	0	0	1	1.0239	5.46	63	2	1.05	0.95	;
	139	2	209.105	23.572	0	0	1	1.0268	-7.51	63	2	1.05	0.95	;
	140	2	56.268	9.668	0	0	1	1.0194	-9.78	63	2	1.05	0.95	;
