function mpc = Transmission_Network_PT_2050_Active_Economy

%% MATPOWER Case Format : Version 2
mpc.version = '2';

%%-----  Power Flow Data  -----%%
%% system MVA base
mpc.baseMVA = 100;

%% bus data
%	bus_i	type	Pd	Qd	Gs	Bs	area	Vm	Va	baseKV	zone	Vmax	Vmin
mpc.bus = [
	1	2	0.000	0.000	0	0	1	1.0498	33.89	400	1	1.05	0.95	;
	2	2	0.000	0.000	0	0	1	1.049	26.74	400	1	1.05	0.95	;
	3	2	0.000	0.000	0	0	1	1.0475	9.81	400	1	1.05	0.95	;
	4	2	0.000	0.000	0	0	1	1.0455	1.59	400	1	1.05	0.95	;
	5	2	0.000	0.000	0	0	1	1.0497	33.37	220	1	1.05	0.95	;
	6	2	0.000	0.000	0	0	1	1.0496	33.18	220	1	1.05	0.95	;
	7	2	0.000	0.000	0	0	1	1.0421	-6.95	400	1	1.05	0.95	;
	305	2	0.000	0.000	0	0	1	1.0495	28.13	400	1	1.05	0.95	;
	8	1	0.000	0.000	0	0	1	1.0116	1.1	150	2	1.05	0.95	;
	9	1	0.000	0.000	0	0	1	1.0371	-8.15	150	2	1.05	0.95	;
	10	2	0.000	0.000	0	0	1	1.0451	-6.98	150	2	1.05	0.95	;
	11	1	6.259	-0.469	0	0	1	1.0215	-9.88	150	2	1.05	0.95	;
	12	1	0.000	0.000	0	0	1	1.0275	-12.31	150	2	1.05	0.95	;
	13	1	9.388	3.286	0	0	1	1.034	-8.72	150	2	1.05	0.95	;
	14	2	0.000	0.000	0	0	1	1.038	-7.91	150	2	1.05	0.95	;
	15	1	0.000	0.000	0	0	1	1.0453	-6.58	150	2	1.05	0.95	;
	16	1	0.000	0.000	0	0	1	1.0241	19.89	150	2	1.05	0.95	;
	17	1	0.000	0.000	0	0	1	1.0226	23.55	150	2	1.05	0.95	;
	18	1	10.953	-1.408	0	0	1	1.0302	24.76	150	2	1.05	0.95	;
	19	1	0.000	0.000	0	0	1	1.0198	-10.25	150	2	1.05	0.95	;
	20	1	0.000	0.000	0	0	1	1.0299	-9.21	150	2	1.05	0.95	;
	21	1	0.000	0.000	0	0	1	1.0288	23.32	150	2	1.05	0.95	;
	22	2	0.000	0.000	0	0	1	1.0359	-9.36	150	2	1.05	0.95	;
	23	1	0.000	0.000	0	0	1	1.0154	-13.04	150	2	1.05	0.95	;
	24	2	0.000	0.000	0	0	1	1.027	12.02	150	2	1.05	0.95	;
	25	1	0.000	0.000	0	0	1	1.0171	23.69	150	2	1.05	0.95	;
	26	1	6.259	0.156	0	0	1	1.0454	-6.89	150	2	1.05	0.95	;
	27	1	4.694	-0.313	0	0	1	1.0421	-7.44	150	2	1.05	0.95	;
	28	1	3.129	-0.313	0	0	1	1.0382	-9.38	150	2	1.05	0.95	;
	29	2	0.000	0.000	0	0	1	1.0335	-10.87	150	2	1.05	0.95	;
	30	2	0.000	0.000	0	0	1	1.0378	25.74	150	2	1.05	0.95	;
	31	1	0.000	0.000	0	0	1	1.0268	12.65	150	2	1.05	0.95	;
	32	1	0.000	0.000	0	0	1	1.0298	24.84	150	2	1.05	0.95	;
	33	1	0.000	0.000	0	0	1	1.0431	27.04	150	2	1.05	0.95	;
	34	2	0.000	0.000	0	-75	1	1.0415	-9.95	150	2	1.05	0.95	;
	36	1	0.000	0.000	0	0	1	1.033	1.32	220	2	1.05	0.95	;
	37	1	0.000	0.000	0	0	1	1.0318	-5.02	220	2	1.05	0.95	;
	38	1	0.000	0.000	0	0	1	1.0231	15.32	220	2	1.05	0.95	;
	39	1	0.000	0.000	0	0	1	1.0384	7.34	220	2	1.05	0.95	;
	40	1	0.000	0.000	0	0	1	1.0488	29.05	220	2	1.05	0.95	;
	41	1	0.000	0.000	0	0	1	1.0227	15.58	220	2	1.05	0.95	;
	42	1	0.000	0.000	0	0	1	1.0422	12.76	220	2	1.05	0.95	;
	43	1	0.000	0.000	0	0	1	1.0297	-5.52	220	2	1.05	0.95	;
	44	1	0.000	0.000	0	0	1	1.0278	13.64	220	2	1.05	0.95	;
	45	1	0.000	0.000	0	0	1	1.0348	-0.57	220	2	1.05	0.95	;
	46	1	0.000	0.000	0	0	1	1.0353	-3.11	220	2	1.05	0.95	;
	47	1	0.000	0.000	0	0	1	1.0394	17.2	220	2	1.05	0.95	;
	48	1	62.588	12.518	0	0	1	1.032	11.6	220	2	1.05	0.95	;
	49	1	0.000	0.000	0	0	1	1.0196	14.96	220	2	1.05	0.95	;
	50	1	0.000	0.000	0	100	1	1.0326	-4.7	220	2	1.05	0.95	;
	51	1	0.000	0.000	0	0	1	1.0422	23.04	220	2	1.05	0.95	;
	52	1	0.000	0.000	0	0	1	1.0392	3.88	220	2	1.05	0.95	;
	53	1	0.000	0.000	0	0	1	1.021	15.27	220	2	1.05	0.95	;
	54	1	0.000	0.000	0	0	1	1.0473	34.21	220	2	1.05	0.95	;
	55	1	0.000	0.000	0	0	1	1.0291	-5.69	220	2	1.05	0.95	;
	56	1	0.000	0.000	0	100	1	1.0289	-6.09	220	2	1.05	0.95	;
	57	1	0.000	0.000	0	0	1	1.0249	15.87	220	2	1.05	0.95	;
	58	1	0.000	0.000	0	0	1	1.0284	-5.79	220	2	1.05	0.95	;
	59	1	0.000	0.000	0	0	1	1.0312	-5.21	220	2	1.05	0.95	;
	60	1	0.000	0.000	0	0	1	1.039	17	220	2	1.05	0.95	;
	61	2	0.000	0.000	0	0	1	1.0405	17.37	220	2	1.05	0.95	;
	62	1	0.000	0.000	0	0	1	1.0389	15.06	220	2	1.05	0.95	;
	63	1	0.000	0.000	0	0	1	1.0457	31.97	220	2	1.05	0.95	;
	64	2	0.000	0.000	0	0	1	1.0301	-2.06	220	2	1.05	0.95	;
	65	2	0.000	0.000	0	0	1	1.0463	17.33	220	2	1.05	0.95	;
	66	1	0.000	0.000	0	0	1	1.0402	17.61	220	2	1.05	0.95	;
	67	1	3.129	-0.313	0	0	1	1.0287	16.17	220	2	1.05	0.95	;
	68	1	0.000	0.000	0	0	1	1.0207	15.32	220	2	1.05	0.95	;
	69	1	0.000	0.000	0	0	1	1.0339	10.95	220	2	1.05	0.95	;
	71	1	0.000	0.000	0	0	1	1.0386	6.11	220	2	1.05	0.95	;
	72	1	0.000	0.000	0	-70	1	1.0294	13.84	220	2	1.05	0.95	;
	73	2	0.000	0.000	0	0	1	1.0319	26.76	220	2	1.05	0.95	;
	74	1	0.000	0.000	0	0	1	1.0343	-3.36	220	2	1.05	0.95	;
	75	1	0.000	0.000	0	0	1	1.0396	19.86	220	2	1.05	0.95	;
	76	1	0.000	0.000	0	0	1	1.0283	-5.72	220	2	1.05	0.95	;
	77	1	0.000	0.000	0	0	1	1.036	29.99	220	2	1.05	0.95	;
	78	1	0.000	0.000	0	-70	1	1.0396	9.49	220	2	1.05	0.95	;
	79	1	0.000	0.000	0	0	1	1.0345	22.22	220	2	1.05	0.95	;
	80	1	0.000	0.000	0	0	1	1.0423	-3.26	400	2	1.05	0.95	;
	81	1	0.000	0.000	0	0	1	1.0293	20.25	400	2	1.05	0.95	;
	82	1	0.000	0.000	0	0	1	1.0424	-1.29	400	2	1.05	0.95	;
	83	1	0.000	0.000	0	0	1	1.0426	7.41	400	2	1.05	0.95	;
	84	1	0.000	0.000	0	0	1	1.0398	-3.96	400	2	1.05	0.95	;
	85	1	0.000	0.000	0	-150	1	1.0394	4.08	400	2	1.05	0.95	;
	86	1	0.000	0.000	0	0	1	1.0407	-4.33	400	2	1.05	0.95	;
	87	1	0.000	0.000	0	0	1	1.0434	-4.72	400	2	1.05	0.95	;
	88	1	0.000	0.000	0	0	1	1.037	23.93	400	2	1.05	0.95	;
	89	1	0.000	0.000	0	-150	1	1.044	-1.48	400	2	1.05	0.95	;
	90	1	0.000	0.000	0	-150	1	1.0472	21.09	400	2	1.05	0.95	;
	91	1	0.000	0.000	0	0	1	1.0445	26.22	400	2	1.05	0.95	;
	92	1	0.000	0.000	0	-150	1	1.035	21.07	400	2	1.05	0.95	;
	93	1	0.000	0.000	0	0	1	1.0334	21.04	400	2	1.05	0.95	;
	94	1	0.000	0.000	0	0	1	1.0335	21.49	400	2	1.05	0.95	;
	95	1	0.000	0.000	0	0	1	1.0474	12.52	400	2	1.05	0.95	;
	96	1	0.000	0.000	0	0	1	1.0491	30.32	400	2	1.05	0.95	;
	97	2	0.000	0.000	0	0	1	1.041	-3.82	400	2	1.05	0.95	;
	98	1	0.000	0.000	0	0	1	1.0495	9.65	400	2	1.05	0.95	;
	99	1	0.000	0.000	0	0	1	1.0497	8.4	400	2	1.05	0.95	;
	100	1	0.000	0.000	0	0	1	1.0488	-0.01	400	2	1.05	0.95	;
	101	1	0.000	0.000	0	-150	1	1.04	15.2	400	2	1.05	0.95	;
	102	1	0.000	0.000	0	-150	1	1.0312	-6.91	400	2	1.05	0.95	;
	103	1	0.000	0.000	0	0	1	1.0463	18.08	400	2	1.05	0.95	;
	104	1	0.000	0.000	0	-150	1	1.0411	25.93	400	2	1.05	0.95	;
	105	1	0.000	0.000	0	0	1	1.0469	0.91	400	2	1.05	0.95	;
	106	1	0.000	0.000	0	0	1	1.0495	26.62	400	2	1.05	0.95	;
	107	2	0.000	0.000	0	0	1	1.0347	-6.9	400	2	1.05	0.95	;
	108	2	72.132	20.341	0	0	1	1.0418	21.33	130	2	1.05	0.95	;
	109	2	370.832	53.982	0	0	1	1.0373	-3.08	63	2	1.05	0.95	;
	110	2	290.094	16.429	0	0	1	1.0357	-9.51	63	2	1.05	0.95	;
	111	2	278.046	33.328	0	0	1	1.0334	10.43	63	2	1.05	0.95	;
	112	2	351.899	48.975	0	0	1	1.0359	-10.47	63	2	1.05	0.95	;
	113	2	191.675	27.539	0	0	1	1.0361	-10.68	63	2	1.05	0.95	;
	114	2	333.123	45.376	0	0	1	1.0442	2.33	63	2	1.05	0.95	;
	115	2	53.043	9.858	0	0	1	1.0335	28.63	63	2	1.05	0.95	;
	116	2	421.372	83.711	0	0	1	1.0199	13.22	63	2	1.05	0.95	;
	117	2	106.712	12.987	0	0	1	1.0217	-12.63	63	2	1.05	0.95	;
	118	2	154.279	39.117	0	0	1	1.0368	11.74	63	2	1.05	0.95	;
	119	2	443.278	76.826	0	0	1	1.0463	-7.57	63	2	1.05	0.95	;
	120	2	384.602	71.663	0	0	1	1.0418	9.34	63	2	1.05	0.95	;
	121	2	226.880	43.029	0	0	1	1.0376	-15.31	63	2	1.05	0.95	;
	122	2	376.935	76.201	0	0	1	1.0437	1.75	63	2	1.05	0.95	;
	123	2	325.613	13.769	0	0	1	1.0401	-12.33	63	2	1.05	0.95	;
	124	2	232.357	60.867	0	0	1	1.038	-2.5	63	2	1.05	0.95	;
	125	2	212.955	18.776	0	0	1	1.0371	-7.11	63	2	1.05	0.95	;
	126	2	174.150	23.001	0	0	1	1.0398	-7.99	63	2	1.05	0.95	;
	127	2	212.485	39.743	0	0	1	1.0433	14.18	63	2	1.05	0.95	;
	128	2	452.040	101.392	0	0	1	1.0374	20.07	63	2	1.05	0.95	;
	129	2	321.231	45.220	0	0	1	1.0401	8.56	63	2	1.05	0.95	;
	130	2	480.204	95.603	0	0	1	1.0176	10.39	63	2	1.05	0.95	;
	131	2	266.780	43.342	0	0	1	1.0381	-4.66	63	2	1.05	0.95	;
	132	2	95.290	18.620	0	0	1	1.0166	5.74	63	2	1.05	0.95	;
	133	2	330.776	78.861	0	0	1	1.0378	21.37	63	2	1.05	0.95	;
	134	2	311.843	52.261	0	0	1	1.0269	12.4	63	2	1.05	0.95	;
	135	2	313.095	32.389	0	0	1	1.0395	-9.36	63	2	1.05	0.95	;
	136	2	407.133	48.193	0	0	1	1.0378	-12.29	63	2	1.05	0.95	;
	137	2	229.697	58.050	0	0	1	1.039	16.24	63	2	1.05	0.95	;
	138	2	245.500	44.750	0	0	1	1.0298	13.83	63	2	1.05	0.95	;
	139	2	301.203	33.954	0	0	1	1.036	-10.32	63	2	1.05	0.95	;
